/*--------------------------------*- C++ -*----------------------------------*\
| =========                 |                                                 |
| \\      /  F ield         | OpenFOAM: The Open Source CFD Toolbox           |
|  \\    /   O peration     | Version:  v2012                                 |
|   \\  /    A nd           | Website:  www.openfoam.com                      |
|    \\/     M anipulation  |                                                 |
\*---------------------------------------------------------------------------*/
FoamFile
{
    version     2.0;
    format      binary;
    class       cellSet;
    arch        "LSB;label=32;scalar=64";
    location    "constant/polyMesh/sets";
    object      turbine1;
}
// * * * * * * * * * * * * * * * * * * * * * * * * * * * * * * * * * * * * * //


1036
(
110592
110593
143363
143364
143365
143366
143367
143368
143369
143370
143371
143372
143373
143374
143375
143376
143377
143378
143379
143380
143381
143382
143383
143384
143385
143386
110666
110667
143437
143438
143439
143440
143441
143442
143443
143444
143445
143446
143447
143448
143449
143450
143451
143452
143453
143454
143455
143456
143457
143458
143459
143460
77958
77959
110730
110731
110732
110733
110734
110735
110736
110737
110738
110739
110740
110741
110742
110743
110744
110745
110746
110747
110748
110749
110750
110751
78032
78033
110804
110805
110806
110807
110808
110809
110810
110811
110812
110813
110814
110815
110816
110817
110818
110819
110820
110821
110822
110823
110824
110825
172376
172377
172378
172379
172380
172381
172382
172383
172384
172385
172386
172387
172388
172389
172450
172451
172452
172453
172454
172455
172456
172457
172458
172459
172460
172461
172462
172463
106966
106967
139737
139738
139739
139740
139741
139742
139743
139744
139745
139746
139747
139748
139749
139750
139751
139752
139753
139754
139755
139756
139757
139758
139759
139760
107040
107041
139811
139812
139813
139814
139815
139816
139817
139818
139819
139820
139821
139822
139823
139824
139825
139826
139827
139828
139829
139830
139831
139832
139833
139834
74332
74333
107105
107106
107107
107108
107109
107110
107111
107112
107113
107114
107115
107116
107117
107118
107119
107120
107121
107122
107123
107124
74406
74407
107179
107180
107181
107182
107183
107184
107185
107186
107187
107188
107189
107190
107191
107192
107193
107194
107195
107196
107197
107198
168749
168750
168751
168752
168753
168754
168755
168756
168757
168758
168759
168760
168761
168762
168763
168764
168823
168824
168825
168826
168827
168828
168829
168830
168831
168832
168833
168834
168835
168836
168837
168838
103340
103341
136111
136112
136113
136114
136115
136116
136117
136118
136119
136120
136121
136122
136123
136124
136125
136126
136127
136128
136129
136130
136131
136132
136133
136134
103414
103415
136185
136186
136187
136188
136189
136190
136191
136192
136193
136194
136195
136196
136197
136198
136199
136200
136201
136202
136203
136204
136205
136206
136207
136208
103480
103481
103482
103483
103484
103485
103486
103487
103488
103489
103490
103491
103492
103493
103494
103495
103496
103497
103554
103555
103556
103557
103558
103559
103560
103561
103562
103563
103564
103565
103566
103567
103568
103569
103570
103571
132348
132349
165122
165123
165124
165125
165126
165127
165128
165129
165130
165131
165132
165133
165134
165135
165136
165137
165138
165139
132422
132423
165196
165197
165198
165199
165200
165201
165202
165203
165204
165205
165206
165207
165208
165209
165210
165211
165212
165213
99714
99715
132485
132486
132487
132488
132489
132490
132491
132492
132493
132494
132495
132496
132497
132498
132499
132500
132501
132502
132503
132504
132505
132506
132507
132508
99788
99789
132559
132560
132561
132562
132563
132564
132565
132566
132567
132568
132569
132570
132571
132572
132573
132574
132575
132576
132577
132578
132579
132580
132581
132582
99855
99856
99857
99858
99859
99860
99861
99862
99863
99864
99865
99866
99867
99868
99869
99870
99929
99930
99931
99932
99933
99934
99935
99936
99937
99938
99939
99940
99941
99942
99943
99944
128722
128723
161495
161496
161497
161498
161499
161500
161501
161502
161503
161504
161505
161506
161507
161508
161509
161510
161511
161512
161513
161514
128796
128797
161569
161570
161571
161572
161573
161574
161575
161576
161577
161578
161579
161580
161581
161582
161583
161584
161585
161586
161587
161588
96088
96089
128859
128860
128861
128862
128863
128864
128865
128866
128867
128868
128869
128870
128871
128872
128873
128874
128875
128876
128877
128878
128879
128880
128881
128882
96162
96163
128933
128934
128935
128936
128937
128938
128939
128940
128941
128942
128943
128944
128945
128946
128947
128948
128949
128950
128951
128952
128953
128954
128955
128956
96230
96231
96232
96233
96234
96235
96236
96237
96238
96239
96240
96241
96242
96243
96304
96305
96306
96307
96308
96309
96310
96311
96312
96313
96314
96315
96316
96317
125096
125097
157868
157869
157870
157871
157872
157873
157874
157875
157876
157877
157878
157879
157880
157881
157882
157883
157884
157885
157886
157887
157888
157889
125170
125171
157942
157943
157944
157945
157946
157947
157948
157949
157950
157951
157952
157953
157954
157955
157956
157957
157958
157959
157960
157961
157962
157963
92462
92463
125233
125234
125235
125236
125237
125238
125239
125240
125241
125242
125243
125244
125245
125246
125247
125248
125249
125250
125251
125252
125253
125254
125255
125256
92536
92537
125307
125308
125309
125310
125311
125312
125313
125314
125315
125316
125317
125318
125319
125320
125321
125322
125323
125324
125325
125326
125327
125328
125329
125330
92606
92607
92608
92609
92610
92611
92612
92613
92614
92615
92680
92681
92682
92683
92684
92685
92686
92687
92688
92689
121470
121471
154242
154243
154244
154245
154246
154247
154248
154249
154250
154251
154252
154253
154254
154255
154256
154257
154258
154259
154260
154261
154262
154263
121544
121545
154316
154317
154318
154319
154320
154321
154322
154323
154324
154325
154326
154327
154328
154329
154330
154331
154332
154333
154334
154335
154336
154337
88836
88837
121607
121608
121609
121610
121611
121612
121613
121614
121615
121616
121617
121618
121619
121620
121621
121622
121623
121624
121625
121626
121627
121628
121629
121630
88910
88911
121681
121682
121683
121684
121685
121686
121687
121688
121689
121690
121691
121692
121693
121694
121695
121696
121697
121698
121699
121700
121701
121702
121703
121704
117844
117845
150615
150616
150617
150618
150619
150620
150621
150622
150623
150624
150625
150626
150627
150628
150629
150630
150631
150632
150633
150634
150635
150636
150637
150638
117918
117919
150689
150690
150691
150692
150693
150694
150695
150696
150697
150698
150699
150700
150701
150702
150703
150704
150705
150706
150707
150708
150709
150710
150711
150712
85210
85211
117981
117982
117983
117984
117985
117986
117987
117988
117989
117990
117991
117992
117993
117994
117995
117996
117997
117998
117999
118000
118001
118002
118003
118004
85284
85285
118055
118056
118057
118058
118059
118060
118061
118062
118063
118064
118065
118066
118067
118068
118069
118070
118071
118072
118073
118074
118075
118076
118077
118078
114218
114219
146989
146990
146991
146992
146993
146994
146995
146996
146997
146998
146999
147000
147001
147002
147003
147004
147005
147006
147007
147008
147009
147010
147011
147012
114292
114293
147063
147064
147065
147066
147067
147068
147069
147070
147071
147072
147073
147074
147075
147076
147077
147078
147079
147080
147081
147082
147083
147084
147085
147086
81584
81585
114356
114357
114358
114359
114360
114361
114362
114363
114364
114365
114366
114367
114368
114369
114370
114371
114372
114373
114374
114375
114376
114377
81658
81659
114430
114431
114432
114433
114434
114435
114436
114437
114438
114439
114440
114441
114442
114443
114444
114445
114446
114447
114448
114449
114450
114451
176004
176005
176006
176007
176008
176009
176010
176011
176012
176013
176078
176079
176080
176081
176082
176083
176084
176085
176086
176087
)


// ************************************************************************* //
